#Method:Linear Regression
hog=[0.07879490190612377, 0.1264636737479915, 0.12883303199479917, 0.13728021615288194, 0.042909335581535354, 0.06872239312948386, 0.0764688760838494, 0.018083135932463072, 0.0993138244747339, 0.0854839350029745, 0.028016165016722838]
lbp=[0.07879490190612377, 0.1264636737479915, 0.12883303199479917, 0.13728021615288194, 0.042909335581535354, 0.06872239312948386, 0.0764688760838494, 0.018083135932463072, 0.0993138244747339, 0.0854839350029745, 0.028016165016722838]
im=[0.07790185095326717, 0.126312639328812, 0.12881658247861874, 0.13695367719244475, 0.04285409465930696, 0.0676119633563631, 0.07634711707288645, 0.018062729626956285, 0.0993089036008359, 0.08548885858858302, 0.028004903863081767]
--------------------------------

#Method:Lasso Regression
hog=[0.07879490190612377, 0.1264636737479915, 0.12883303199479917, 0.13728021615288194, 0.042909335581535354, 0.06872239312948386, 0.0764688760838494, 0.018083135932463072, 0.0993138244747339, 0.0854839350029745, 0.028016165016722838]
lbp=[0.07879490190612377, 0.1264636737479915, 0.12883303199479917, 0.13728021615288194, 0.042909335581535354, 0.06872239312948386, 0.0764688760838494, 0.018083135932463072, 0.0993138244747339, 0.0854839350029745, 0.028016165016722838]
im=[0.07790185095326717, 0.126312639328812, 0.12881658247861874, 0.13695367719244475, 0.04285409465930696, 0.0676119633563631, 0.07634711707288645, 0.018062729626956285, 0.0993089036008359, 0.08548885858858302, 0.028004903863081767]
--------------------------------


#Method:Ridge Regression
hog=[0.06709163941600697, 0.11294906184985593, 0.1272434717827885, 0.13414476639522435, 0.0411297575108739, 0.06717222346540266, 0.07059526390261724, 0.01800686368796664, 0.09867127745614068, 0.0851499390388744, 0.02786917349577155]
lbp=[0.07359150825262811, 0.12591527552246098, 0.12871988631964845, 0.13601939589485437, 0.042688396228247265, 0.06842257661904566, 0.07555021226393094, 0.01805424096354191, 0.09922606706879357, 0.08544783789696835, 0.027975909989862286]
im=[0.07776938508426824, 0.12638658271626604, 0.1289613362119226, 0.1370329458204284, 0.04287327000721812, 0.06732082913973665, 0.07640395506491522, 0.018048784895245782, 0.09931617326321802, 0.08555808407301935, 0.028005766459842752]

------------------------------------

#Method:CNN

MSE:[0.1199660939587064, 0.21812121847379012, 0.1586162696870938, 0.16169035562613449, 0.06956652246919541, 0.0648592013934437, 0.1120542860412705, 0.028578594345965956, 0.25230878704595794, 0.17275799934307204, 0.04989915024583618]
